NAME	Jurkat	IM-9	Raji	THP-1	
1405_i_at	5.0012846289270385	7555.742929234044	51.601584686758876	976.2501957861623	
1552390_a_at	448.15357772347494	10.632512443693617	8.965633798462198	9.133561922414993	
1552623_at	7.257141728639083	524.9423940696973	1600.5494328085917	56.44553098319326	
1552774_a_at	8.494168719243737	8.202436336038325	443.07026584763787	5.7494825105378675	
1553179_at	230.33338748801864	5.412534017090254	12.031506511843478	3.3672538128117475	
1553196_a_at	10.623918156836366	13.558435028449638	1190.3046064225446	11.953541535793534	
1553830_s_at	72.65384609050764	3057.4685689241714	3.1607032876777357	108.89768183576116	
1554161_at	43.462006125855495	41.18397521507044	585.9057848394434	28.374994969011325	
1554300_a_at	653.7835101393989	14.38373411507673	24.224604810756002	12.763511872809714	
1554679_a_at	5077.165145201393	48.46435417188636	42.36423054668267	2849.0167780640686	
1554733_at	40.70212635990621	1479.4096059435276	2.748765326475412	48.90581141264473	
1554892_a_at	38.625739601795075	49.95007473994731	45.19617317723548	7920.72894830517	
1554899_s_at	25.43452260520419	36.01547705636059	44.31565996313519	5386.689588184635	
1555613_a_at	3950.641308812753	13.089133210558701	90.72999267464655	62.96903345690611	
1555756_a_at	3.5178511278646925	11.0699906028501	310.1277568726247	50.589582528646	
1555800_at	6.0243631044491135	2.827119585146929	102.83253418742932	2.6477801093900375	
1555935_s_at	1352.833114141441	18.778744345833683	20.77522217744581	28.130225483518956	
1556037_s_at	4513.03180870458	3.510832400965458	7.594908380771323	26.79963596884207	
1556095_at	42.760300244439435	4787.933270833047	3.938906409569103	99.25362532011545	
1556096_s_at	79.18227213733296	6399.831469336807	4.9045165765852	241.75302666759129	
1556395_at	1704.4558946034263	2.877421636637024	3.802959273121527	2.786927397485344	
1556598_at	882.2969601860024	16.053977105581886	2.3232325040641353	1.3304647811851922	
1556599_s_at	2405.071529394257	45.85860466278721	40.31029623984622	51.12298476906636	
1557177_at	6.049116942639602	77.27185668706791	865.1611599048349	15.249845486354676	
1557919_a_at	158.04800631894136	158.35332008738558	148.32812876291254	16380.608911069048	
1558826_at	6.744220387991129	8.407046423438949	276.45742178084095	8.981974591903281	
1558856_at	115.37032342162118	89.45591465290342	26.34571245225822	4712.007116054159	
1558971_at	1451.2941241896146	36.011861463721026	18.67191762652498	32.702047453082265	
1558972_s_at	1217.1282622685362	19.222578849165146	19.57934630045646	6.24157499455245	
1559827_at	2.524014332257458	177.23737802421917	3.18086604001661	1168.2990603742053	
1562054_at	13.044706396882024	536.3642741239759	4.9735261377720414	1.7068127046885235	
1562484_at	19.62787939820413	4.127185496829254	11.12105454715037	731.0194271362818	
1565162_s_at	2.1556847732718825	6295.501677687105	3.289418268686887	4882.672548051831	
1565627_a_at	17.641167568813877	100.71444323597001	1557.169908451119	181.20262981617327	
1568751_at	2.089475424676572	21.441239868929834	139.92754821849923	1.0524967349454775	
1568752_s_at	28.20168429401057	7.866735269341317	7581.462946382244	19.52885425365216	
1569034_a_at	9.814542922074503	8.009029719960807	616.3961769603951	11.60868025408664	
1569040_s_at	4.333839724757585	2.3344981650326364	1307.465657350628	11.810788944638999	
1569454_a_at	38.75391771699473	2249.106784785675	20.77522217744581	65.73203788865442	
1569886_a_at	2065.6467737233274	477.94501706844477	6.901875669721139	19.741891717617058	
1569969_a_at	33.56780566418626	5793.054917812495	12.535162137511382	198.63540436024232	
200660_at	11.679240963531077	7.561210471970384	12.39584934465048	10316.329856913075	
200907_s_at	470.24732906487975	28.220634466545373	1388.587533956463	10.773515887979451	
200951_s_at	127.06450116100169	2368.9246014313626	12.327912887602478	153.45568504986647	
200953_s_at	908.2132932380981	13702.731934330515	129.0051944275351	736.2318156011747	
201058_s_at	7.407806483006827	17.899517636175112	9.320000956408293	1570.1737461355276	
201105_at	337.11186902925516	17377.637932846526	18.70032113820607	26045.145787884765	
201117_s_at	2.8797170448879137	4.152524636895946	1.26757514201998	249.25771438923664	
201131_s_at	7.062817525804011	418.86612119119854	5.941802024008328	13.977864331892956	
201137_s_at	64.10352331836386	7025.387017351103	17911.537026151364	360.7875034212213	
201162_at	10.19181482681959	10.870255311024383	11.386353406595054	7650.047353421969	
201163_s_at	4.684034662324906	13.510461111503407	4.163252725873397	8687.306035798132	
201169_s_at	16.42413128506363	602.0499622678525	6.380534484572107	61.171468776925295	
201215_at	33.08237384988338	5560.601122607827	24.334592083499828	2104.63558591383	
201313_at	2184.4352525599406	2364.68161695278	5.954219675846655	5.329713608639612	
201387_s_at	36.01547705636059	5097.139831284822	12158.220485679927	468.86101091878356	
201416_at	11303.61474688368	202.566715177646	256.2165572582305	204.59541098315276	
201506_at	21.343103760109816	14.658115275182766	30.81097050654611	6900.257367621671	
201579_at	5689.569659110418	83.34283412256481	75.63238342462265	1792.706963839356	
201670_s_at	248.18441180208129	6521.097180432336	18.455600282173023	1657.893210385903	
201909_at	65.61263682592215	146.27536633366853	18922.838624152035	21843.306835161755	
202007_at	13.2415185453575	1917.2670644596926	1.7813376690425622	5674.390365487224	
202177_at	7.562702544242228	5.878350937747096	12.179507234315787	997.072089201575	
202178_at	22.151728174738743	10.226781361714917	1051.2305474017483	390.3287289685153	
202207_at	2588.047735028433	38.34619491831802	9.954494933582241	75.51410579280135	
202242_at	8602.299853623901	201.30381499024955	22.938042446682534	57.77351450837311	
202283_at	374.33978468503625	11.986063954525594	83.36865608048977	4367.419368463189	
202615_at	10850.332133934204	368.59209871525036	33.04168438801272	3452.889662630409	
202620_s_at	34.45649047800466	1591.6284271876777	15.960363991261557	364.4115457528209	
202718_at	6757.853058790298	53.81046369133203	11.43082179367532	2229.9832693542903	
202728_s_at	31.85538198468194	11.217745558141191	338.5645228960504	10.019629988854552	
202746_at	13073.168872638518	4001.7631140980607	26.896859534732275	145.14489470744866	
202747_s_at	10795.011820600032	2567.9856494075702	42.336937447455135	92.18386380294838	
202888_s_at	11.701377174773656	8.952506355536494	16.626601744169292	2529.5612804765956	
202897_at	9.359285669267873	8.14928028738724	7.235436099036709	1253.3105847291588	
202917_s_at	58.870195701658986	55.925856372265876	11.837003517681588	5278.832287634375	
202935_s_at	10.326954763612388	1154.6082959819444	6.8232345821948925	52.44017823456315	
202936_s_at	54.14920642248895	1257.5932549660552	24.374028659016524	27.820613137762603	
203132_at	7489.727604096889	4.791772669528937	2638.2076706392018	2278.789932154626	
203140_at	129.61185659844185	33.228555929752766	7823.713557841564	284.5219473669463	
203186_s_at	482.2468790100761	13.803244288741913	18.395923252205616	19145.47599895116	
203290_at	17.547127824246477	174.75009249738093	11154.475816526909	15.636855066254869	
203434_s_at	10.168848358468143	10.993845263961472	2829.3763955849213	11.695389142124284	
203435_s_at	27.293281786760595	32.388648272382085	2325.959860716478	25.626207822918918	
203440_at	1367.0378088288985	8.852281520613813	12.418930731768278	631.3269293453964	
203510_at	8.741474535447027	27.48442481181873	691.0724179318336	12.495742042473745	
203535_at	15.65414300226009	27.60597067163262	19.201201713899223	1672.6499190934164	
203548_s_at	5.229227432907505	60.13895694591574	15.595559467725648	1070.7897606294216	
203570_at	223.09390091602077	4.370321111724429	6.845000558114179	5.955480259403256	
203641_s_at	23.433564079120426	71.49673017039471	1894.9849368986343	39.59795040781051	
203642_s_at	40.97882492076857	19.19764623757473	2908.4987916532086	66.40546818904286	
203695_s_at	319.7738040954138	8981.543611533345	100.4784449339838	488.0629648979104	
203716_s_at	8.465459547132738	485.5038639873527	6.457137659352609	11.739454682382496	
203760_s_at	2828.227075917436	16.681544539581253	20.305811387782494	934.7910348182144	
203828_s_at	1194.2890900255188	3801.0610990339865	20.228099434818354	17.731504383176823	
203835_at	12.384139070328063	6.249211399610694	296.34763538002534	8.291347512557307	
203865_s_at	1040.720735794364	10.235487307226192	8.711467627239578	11.414827130847664	
203886_s_at	295.3029762917585	14.225303401803572	8.882171050182182	9.585944627420863	
203913_s_at	442.65224569974424	10.060087299145222	9.312515915568198	17.32145782412364	
203973_s_at	161.56968426968143	49.273853357045	25.743210752917932	9520.61963320128	
204039_at	277.0788656248403	44.193089579333446	38.848185850927635	19007.24899500165	
204112_s_at	14.348653511592797	4.889396386187504	14.630647784281882	4848.026676543372	
204201_s_at	51.662539887548995	2706.6624829013795	39.56466031469654	128.09428126166728	
204409_s_at	20.63670966461984	26.87488520327648	6149.361005820462	2423.3246365233304	
204410_at	9.35771725226989	13.323168564619229	1572.297070068827	665.1118310817169	
204445_s_at	34.72031118176462	11.881068505841029	1255.3894895357694	122.41368664997655	
204446_s_at	60.19718203904737	64.39482372505468	4090.5806717185856	316.9501368904025	
204463_s_at	2.62611179135718	315.3366380896873	3.7184133907495465	6.340930688403104	
204466_s_at	168.554820622942	3688.0907888008505	16.62878005791917	146.41974889037337	
204497_at	134.0760372826729	5.088528202262604	11.397326080398821	2832.1295468396825	
204517_at	93.69616236532123	101.41823936676653	76.5744258960183	7992.298880936881	
204518_s_at	11.442780036746205	12.415643303946316	14.842950502020908	3083.5532760744763	
204548_at	4.976492523975613	31.543097593924934	9.450519703611826	959.4221562280844	
204561_x_at	41.487026137378535	36.792705762556075	47.83816192589093	14580.324640651066	
204562_at	123.1261829862698	12605.250798107423	730.7937612655828	872.5097371984282	
204614_at	17.907579537902315	1983.405310342834	10.030764503339046	9895.03450925844	
204655_at	42.20184398440946	5801.48596272931	153.6813383429999	1238.085707679629	
204661_at	157.36063608565715	13.422334878923973	6863.344833922807	206.3614664417181	
204698_at	24.600222487745263	201.20211501964164	5367.725834067768	11.29577514799822	
204749_at	10.153777087315683	1432.136490694682	12.62068717659406	322.3327276916088	
204882_at	30.83995267354351	7.564908424610776	1144.455211476736	267.8093503582546	
204890_s_at	9396.236379710139	112.49802043223384	491.57935721282183	69.72297541516853	
204891_s_at	15602.907239852315	11.63949141304158	550.2448726546003	11.248462508827869	
204959_at	49.499121074126855	367.49258143379757	105.62754837789875	8376.006552486586	
204961_s_at	10.31826416749405	214.03401797276152	4355.554034525401	360.8575910847797	
204971_at	50.67026492511515	43.26734411032448	76.99279888812582	12710.48224351652	
205000_at	39.89247942275317	20.43437277341101	3726.305672379131	3277.153931124955	
205124_at	44.58754666504588	69.59559467644272	2090.369029776615	11.614124226571004	
205131_x_at	280.8532906983072	86.29254856154411	115.76577011046575	8948.036291191687	
205280_at	548.3601124381025	2.705493472228302	2.089475424676572	191.34846818761068	
205297_s_at	116.85937864452497	750.7081625393092	8229.097168826658	231.50154146460625	
205382_s_at	407.9363241991755	12.863121594259216	14.265586630314655	6766.132035197378	
205403_at	16.53978065702529	38.43246331879633	2163.2875225461835	23.00183412093072	
205453_at	34.68008364168447	839.2789235608109	20.988728844681447	32.44236501709592	
205456_at	3974.977485954515	96.69142781020601	82.10692614050595	33.51472153553534	
205476_at	6.371853721950503	611.2883654147531	10.741825242589242	13.464557612297131	
205498_at	39.613554527810095	4257.847551752482	33.495637868861515	159.51260648703354	
205544_s_at	17.633015694342255	8910.854222744238	8904.325545100533	152.7141121957347	
205569_at	638.9255382190478	2750.931213223741	19.549201181416567	76.08370651762047	
205573_s_at	4.705936875747322	39.041080547220076	3.361239318974369	898.0994804605525	
205612_at	5.376245482538477	1195.4709777772866	24.739084509189112	17.445581866090187	
205671_s_at	71.96826938902905	262.8338663867975	2570.537047557901	41.14904834860553	
205681_at	56.16073151634777	10850.332133934204	4401.037445296423	220.35997332773866	
205692_s_at	103.95903689720927	20.885350138767752	5192.59152551798	2963.3771646838613	
205715_at	137.90743795693777	5.869351936819329	11.42828203660612	2327.1273544529486	
205801_s_at	14.531863349835096	313.8287215222845	2760.3625343254735	46.81160042688301	
205848_at	1353.8352977273923	180.4854839053662	31.495158507263408	6.987848117378335	
205861_at	114.5014873536765	366.05162938320643	8876.765188311465	406.8915995254079	
205890_s_at	10.300803360957664	4918.058400092442	14.386059459612174	12.872412607479731	
205902_at	7.195160723450798	7.818166486137591	895.4184707159038	6.852754603511524	
205903_s_at	5.972936627395176	9.416337529424094	1769.6637364812257	10.779407479480534	
205922_at	6.515542049706275	179.1714796497495	1160.6997560303287	6.390984582487271	
205945_at	10.209533378591198	47.84796991863132	20.074421680966747	6494.213099054077	
205997_at	8.208192818395188	7.2926202871931975	406.94409794979424	5.437235984319856	
206023_at	4.364525980540402	7.892870929736952	5236.089169285564	28.60116910768267	
206045_s_at	5.385094117876556	467.0866853718547	3.3467421877956007	11.57913855747262	
206070_s_at	3121.2033008322696	598.5540471858291	3.2803491492596595	22.066513236494462	
206082_at	8.992523121095187	1326.757704926159	284.2605741710415	35.846166602777984	
206100_at	26.134460575452415	5.660720922888362	6.448947379058831	1928.1532442429448	
206111_at	105.27340501902962	141.81827445751514	60.990587762268746	24270.0866588838	
206120_at	11.98044949686683	27.812953571804837	20.96462894202686	1292.2422611790792	
206126_at	8.674489134229727	15.585023530806687	1050.9584966069672	38.213266775408805	
206150_at	104.7534147369564	138.56574501336675	9354.232582895773	106.46735873593846	
206206_at	28.76961226005834	48.63925195356544	1792.3100441965696	57.108289228383576	
206255_at	9.818277886905792	1229.495369004323	2267.0090875888586	39.68330776864097	
206271_at	17.648644118266002	1376.5755306728943	11.228912999953435	80.0511600663232	
206277_at	14.556359200968926	10.878949090495817	8.269696235396923	2453.830010868124	
206283_s_at	5905.740937237493	43.89663472793461	60.82796474088784	64.44989549156429	
206307_s_at	133.87971220394633	18.280676494994577	32.714278388668	8354.377667328214	
206310_at	35.52285821071688	38.27180815187422	753.6594378345148	14.146583691668312	
206480_at	11.380672395429784	8.644873969698805	17.218933231635926	854.4120332906579	
206513_at	46.54926621550434	146.10543388432288	3587.5102202692146	63.60230037057273	
206545_at	690.0034201598303	37.476642164976084	29.452152324383533	33.45259821655947	
206546_at	936.4794458599357	13.258853210036463	32.92756618033824	19.687340208044212	
206609_at	53.28349889643839	2558.869563660856	22.977992884526845	201.92631992754718	
206618_at	10.437877054528299	1531.1979002146093	11.031769209774353	16.416737121198175	
206624_at	2.606894548676517	7.764026358630081	353.6572158931645	21.19906972175827	
206640_x_at	517.3469522134528	3385.5188247885294	13.067015816181627	90.32682896318552	
206727_at	368.17060874587554	5.358966834503985	6.706638931154639	5.44837934137792	
206759_at	10.494365895719815	7417.720091543113	941.8004372569112	300.44845946008223	
206760_s_at	14.701186253982979	6037.043338243778	682.0424445346063	32.91374261238717	
206804_at	5436.448667627856	23.324062313536817	59.746177485820944	29.502043298559062	
206871_at	10.531341078218478	16.623890199614635	17.8055091769158	29692.85109421734	
206975_at	9.925544949018843	2634.9883576654847	828.5642055273313	21.59958606255125	
206978_at	80.28170331088852	65.32376707543706	57.68273116528846	6125.812849542125	
207015_s_at	839.7037748485998	24.97290678102742	39.66436273763664	21.126549897635414	
207016_s_at	3246.698871504714	19.619463132527095	25.8938867229624	27.2667231422041	
207039_at	21.7684061888293	214.15515960403565	1335.311385109417	20.193322998741724	
207245_at	7.008177306877689	1043.6499241003157	46.251611512548386	10.284479429900811	
207250_at	901.4046695692672	31.69518911856052	21.00705581414233	16.301043071166347	
207281_x_at	18.388868333035358	1295.669102270167	40.637324867417185	59.90551769268781	
207339_s_at	126.77113088152642	261.62493655134125	4682.112373431858	142.39172265382237	
207341_at	21.286353727584032	37.734487055410774	69.33336349045517	24270.0866588838	
207397_s_at	1193.107806814122	5.491095559675903	4.642898992987163	3.6384642989184903	
207398_at	631.3269293453964	6.94898078955539	8.994275730518348	7.659799411297771	
207469_s_at	5.3222233041725655	1585.9019580205422	9.48733088945223	1182.0725792707758	
207691_x_at	91.15813301846664	5484.430700663845	75.8245115931521	307.6673268347028	
207761_s_at	156.37643241510054	112.36920990244921	6140.055618973413	327.7950505121338	
207861_at	16.6666998513464	2815.5941973129643	2819.280937914759	27.12229953478648	
207865_s_at	6.454030856426414	48.416939825252776	14.572582358508848	2251.4140752503567	
208029_s_at	8023.546250144706	5.418495242228699	53.32939863943929	4176.402563115097	
208461_at	4.632933153645694	276.60961945610984	4.81897750197881	3.1514730694109274	
208524_at	121.07897781035807	4787.933270833047	129.46183368986195	381.1101182745096	
208683_at	119.37217735508825	72.0751582616669	77.89630587005743	8724.098026654952	
208937_s_at	7536.522837224027	174.61787354401093	29.446157085305718	1375.5506270778735	
209031_at	580.6734857799838	6050.978611873381	18.58497427793918	528.4016499864777	
209160_at	885.3116199108574	68.14221628552384	6.9629851799698015	75.08498817099253	
209185_s_at	376.9053642725524	21.91366114999627	25.755279140927314	4329.465221149324	
209191_at	43.291166205049635	32.92435282718514	595.2413997840182	8051.897914435769	
209210_s_at	1210.8774644879154	2659.219780134124	1.913403933529085	115.6898808298113	
209213_at	4.661897429645827	868.8860201976499	6.040110750068652	396.156741754953	
209301_at	6.500369920981326	15.403315588970596	9.497607060448928	24480.183889107444	
209355_s_at	6.685011444934713	352.0718384379237	5.464657769862881	10.009631612656223	
209395_at	9.682859897089697	10.06230782942556	17.529737583464286	25978.492734313993	
209396_s_at	13.358858142656134	19.531864209391525	13.410213044942992	25791.137223261638	
209470_s_at	21.781845390185744	1910.7786977324186	217.08140319172543	48.31891877163634	
209473_at	62.91701042131605	6226.6579568598	220.19465181379414	306.52674245201507	
209474_s_at	13.18692623756609	5430.304954276501	17.375007141041312	184.79483295107684	
209524_at	3129.3500857968315	623.4229224084975	4.7453109136295195	25.55422182227041	
209590_at	16.861932560767567	67.42665590057258	1131.8124244306987	74.06179597274286	
209591_s_at	31.87556133216275	17.01187776586498	2771.072606707148	98.47293445644549	
209598_at	3712.809126720402	83.57669804840786	55.11433682632802	81.81759792718597	
209602_s_at	703.5130484431199	4.321784776838561	1.0235348190386666	3.7701485181781695	
209604_s_at	6295.501677687105	146.2377663125286	60.985500091886834	148.23810475731662	
209616_s_at	6.799799995856133	28.738409986843237	17.14171704167397	4593.265476756581	
209619_at	14.932373029580651	23175.39903838797	28707.334407340346	2863.082946617363	
209692_at	10.01402772228495	527.955078359749	12.280303783597923	18.06962959167018	
209728_at	7.951664347084306	2952.8326412378583	137.45682450919963	8.285569273409441	
209729_at	1166.839335920422	26.47971524542979	13.320646111220396	179.58566284750952	
209757_s_at	793.0435831783427	26.204756737848715	18.394264980881633	8.594880248026245	
209803_s_at	6.386468740429393	33.47201242093127	5.453705446342635	658.1225733676818	
209829_at	126.5792799681942	126.63191751070708	2775.244807235828	49.7459845490325	
209881_s_at	3281.5511193570233	51.373703348655646	99.56512461761525	134.37326367028288	
209905_at	5.788061864346417	4.420101073047737	7.6167662919413255	1398.2221598058243	
209933_s_at	30.813736845779403	2782.1179787884353	36.31082499938525	498.30329123227256	
209942_x_at	176.92179915125638	19899.33137268785	38.342229461189646	1465.9449414112382	
209987_s_at	7.590824920806393	1161.049782185169	6.633614379278209	82.1585681284922	
209988_s_at	49.667305297449076	2918.6642969532973	11.552642370259898	182.0969973546792	
209995_s_at	23.212722420072406	40.435518594573914	8857.448553892154	49.9213623678926	
210031_at	2586.5637271267383	39.273226101890614	110.5956742258587	106.2558336783407	
210103_s_at	18.744282090343713	866.1737756184925	20.800952471696572	25.50609033385375	
210116_at	4169.229235907556	21.944108544412842	63.11105138275523	28.975531870422934	
210135_s_at	69.72913832980191	120.0119571871017	48.15497186365103	5626.859153174284	
210145_at	14.546120077076587	1008.7359543730656	6.353186416408381	880.5075486807677	
210254_at	14.890438637906485	28.50859115920128	12.429365224730212	9801.790673104084	
210258_at	22.39751943632519	1.798109409636968	15101.932453168678	43.28641657565273	
210295_at	12.989380419689839	4235.342003040682	17.6385654655224	31.37322413631359	
210450_at	20.567465634184387	29.657471728154892	1249.2098806209515	42.792124401123935	
210467_x_at	407.6520427409493	8758.31804501928	52.506368416155226	416.62961581514145	
210506_at	5.089278322597837	5.274102004097074	50.586719838278384	944.4095749997291	
210546_x_at	4.950508372710121	5065.207582109788	15.322687787773766	30.010052307975695	
210643_at	17.46128220040668	3425.1131783432315	34.176689432941515	149.60027298525063	
210783_x_at	247.8233912070614	27.682064081285386	107.3330759337167	7705.119901158375	
210830_s_at	6.765897157206394	1895.664130376729	6.547745913067637	826.9048091638177	
210942_s_at	8.44069241234844	1532.5706281740245	3.1958939241980384	847.9585229012844	
210948_s_at	2366.5281441727157	404.65595687062154	15.241173678293245	110.34554712307406	
210982_s_at	10.182498485223618	20929.709517867035	21208.182117176424	1535.8649053516833	
211005_at	3232.479743625829	24.457344740537806	69.47246161714824	277.33525801908775	
211102_s_at	4.241186483433539	6.614460609101967	10.90537169079133	496.913624746195	
211153_s_at	16.30818583225461	1457.9139567539091	9.548265707279718	61.40816955860837	
211209_x_at	815.8320318026769	19.66743537070323	36.148552818974316	17.975227531977367	
211210_x_at	1892.630461474532	111.19016081634342	131.46749851828903	22.768195367709463	
211211_x_at	1446.9645800714613	18.830402806610344	20.32811631983639	22.2332565134745	
211259_s_at	19.361209289684684	41.84553880525207	813.3915368064123	63.83744049035487	
211372_s_at	20.627039777702965	12.93123091986587	936.4794458599357	9.534057676617062	
211379_x_at	2.5405135214102263	2.22535845506655	6.977000245209334	482.02399453289274	
211421_s_at	39.041080547220076	34.273928521119956	88.81465886617661	4229.264039249241	
211458_s_at	247.01813696815944	9.929576958871834	5.3966849019006	8.04520053262289	
211478_s_at	6.570785883893619	569.1080138165374	4.73050568822498	88.23912670398305	
211603_s_at	15.130182162249442	1027.0146581945482	15.60504952309706	46.68997774178606	
211633_x_at	14.089219604474499	58.407887897630694	528.0353117291228	16.13454213466815	
211635_x_at	9.143958107669976	27.342261293880487	3526.230234607663	9.01191717743375	
211640_x_at	8.957815294807089	7.899675723104275	453.63716046308946	10.805403864827468	
211643_x_at	21.497132323815542	299.44908937050076	1750.9039739958953	62.974358490440004	
211674_x_at	6.765897157206394	6237.598536340282	13.7481082273843	74.25153246176569	
211795_s_at	4132.092300184475	93.24880806791928	49.73284449502235	657.7266310699637	
212012_at	2511.0567202327998	52.82318661369503	47.474456272693324	71.12612897028377	
212013_at	1559.0899478117103	22.10723073762218	61.71537705098596	52.92448897176663	
212158_at	65.44833552647826	2.8844028710363476	3.779520271162104	2978.728894439385	
212268_at	5.197809683299077	5.860874564373137	16.768928917166903	760.4902485371439	
212364_at	1768.0885987828685	51.07617718007898	17.323163362218768	37.48609596251875	
212592_at	5.476922896733375	3991.4871190128565	18469.740470623943	837.6617524261605	
212624_s_at	1682.4475276868868	27.06836526587864	41.401197986279655	23.233204237929172	
212636_at	7.6977072567701965	90.42363742285325	38.3855851774154	2312.7356677521007	
212671_s_at	12.170362047853455	12352.707136803148	10971.413609168134	300.3842928773594	
212698_s_at	9.019372461820263	4072.613404398423	13.347103278437123	86.89963895863653	
212713_at	359.7287838970846	13.244822191390437	9.421672143013584	15.035777761018169	
212776_s_at	11.250344230725059	6.8031232361331595	13.147949407661658	879.8893112635837	
212827_at	42.49929737551859	3053.4573015228893	18544.98378969102	364.4115457528209	
212998_x_at	4.617568007793377	5593.57981826274	5264.097005045205	287.78961679581596	
213095_x_at	7048.477592021321	16.075461365997285	36.80465364983066	2819.280937914759	
213293_s_at	30.936887919405294	6672.902075058607	1027.2052150845507	236.06018519878427	
213308_at	20.187237239033088	8.292864195532212	572.9953347464898	32.47278061538212	
213338_at	26.27609979954454	8.80746169637603	7.508692582945755	788.2110715756857	
213355_at	11.46284758972188	1368.7467928279132	6.710000749041527	796.6082410355021	
213423_x_at	1094.6236125493908	144.66770184113645	15.435390356291405	15.75600470951612	
213456_at	2667.3756705344967	27.477906033374396	6.519462916743147	11.995422450583657	
213539_at	18593.484613738263	54.6050167277367	50.81179145944702	39.65153900071431	
213668_s_at	3162.7490458484003	104.0266091662439	106.6998782352658	54.84622814374325	
213817_at	14.91632533279326	1.6622318108304888	9.060131530588475	2008.020699051495	
213894_at	49.736203514859525	49.87891878590615	31.195711890320243	2226.1707945246158	
213975_s_at	12.825351787173847	8.904212758471617	11.830286173521449	8573.416754236896	
214032_at	2619.622725883502	38.778072542155364	8.574360721021895	29.563643329821833	
214039_s_at	15049.48028347223	6.338765979787578	11.054294367588342	8975.824302322837	
214084_x_at	12.727456940689347	198.6601819521572	3915.194101263933	325.55262467253795	
214181_x_at	159.76064870622906	30.341071972321963	123.30595571519635	4409.09602388006	
214183_s_at	27250.492024025585	17.64398220848885	15.829598014062519	13.022128352180877	
214254_at	65.5843664724687	11044.81274827528	64.32834171397614	773.5498995472639	
214366_s_at	37.55200028250614	16.52813472526314	1331.5034385317992	152.1998617855979	
214511_x_at	12.818963320532374	15.638674913404996	20.199343155825	6019.336384354997	
214575_s_at	12.93767167157739	18.634135406119654	25.02786765617848	34222.67576278145	
214603_at	162.3166301593764	4319.144845335589	47.100097542575085	222.53647536119374	
214612_x_at	253.29648343488122	18959.22483852225	14.9497786114325	1130.5301764677927	
214615_at	7.910829682990775	1698.381633584726	207.4629990977652	54.54184576548735	
214651_s_at	29.941407142944087	25.863757731334843	14.317549785771291	2995.0717506818087	
215051_x_at	8354.377667328214	14.527580098985172	38.226555509438974	4202.7046828654875	
215294_s_at	292.6830880347657	4.138051112830615	3.6384642989184903	2.394596728383601	
215443_at	343.2012165274821	4.962650639778172	2.2482627997609654	10.06230782942556	
215733_x_at	9.8380269088603	2392.967275780965	8.872028131501875	17.71097952559185	
215784_at	362.5108794100578	3.5935218539458647	6.619181785055225	11.596221674967515	
215990_s_at	20.29009436977575	7.1605786876055655	2451.4742227064635	86.320654810662	
216015_s_at	7.285098045154642	3.9684939856461336	6.092983280054799	926.4312819950453	
216191_s_at	68.77880230132602	670.5994456827146	8.92555541809397	64.72584629400284	
216370_s_at	27367.97365463956	73.7615605869584	116.80729281455947	64.26233264980539	
216541_x_at	13.735418633325974	13.876029049391652	747.780569158805	22.7250739046521	
216667_at	19.77914099056206	27.641612535131667	29.740080203879582	3415.861793435763	
216834_at	7.633511654719274	494.032879467692	1433.6051289367306	50.83219444941654	
216905_s_at	6.561338957548006	5.457103300739987	1300.3945068063622	1578.571518281835	
216925_s_at	1233.9027652085688	43.09369976625648	28.689971443356484	24.152086489587433	
216950_s_at	102.4356660074648	60.16139769682427	17.612025678749426	5350.056251719872	
217078_s_at	3.321519767515195	933.4903648642575	4.321784776838561	59.38160729351829	
217147_s_at	926.252513146711	266.5907826911555	4.727329219639243	19.65987494025329	
217339_x_at	16.64165438309363	1467.6937787934166	8.05241309822469	29.87451358666505	
217489_s_at	6.96876992997529	9.237924519419591	17.848892384163204	1606.5712809771296	
217728_at	3.5192208719159943	170.03754090029432	4.533770708605083	13860.102993127404	
217762_s_at	10.688813666281478	64.01559349544912	42.06640773456895	3205.7269872684374	
217763_s_at	7.474389755139125	24.023830859076167	8.897531923656812	2024.227868522469	
217764_s_at	18.950779278973382	74.14656917332248	18.116594088885236	4330.416972674994	
217865_at	5469.292951703821	13.726667611115275	16.81353129271697	3381.24689786715	
217963_s_at	12979.113684128779	47.385074334406994	27.899638855816853	11268.029821734748	
217979_at	4561.339103429765	75.55245570160422	135.02468956339604	290.2646030154468	
218035_s_at	18.690336796958444	2762.12589885356	28.99709686320401	794.6477930435152	
218066_at	4108.986180309209	91.53589348837512	87.35549745271899	191.70307233961623	
218656_s_at	82.15223878191398	109.28347811313175	1798.2214136634955	12.920590078383201	
218717_s_at	11.908665144134268	7474.710640755054	17.325596345629005	28.010244551789885	
218730_s_at	760.3564002551823	4.183515607244906	5.2916241689650905	5.937060976447531	
218824_at	784.2759317569513	13.188729233878643	13.260185105636028	27.217668076917324	
218922_s_at	6.1510083958195505	262.61922394326166	568.1891755233279	5.6431069147669275	
218976_at	126.663815715699	683.6101461801903	3344.4921068924377	22.230871594401474	
218980_at	12.32645621947922	1419.5351788128894	242.64864035401024	12.655571507373136	
219024_at	776.8420756598981	26.381956429775222	20.56263477844464	19.55575154073922	
219073_s_at	36.63821453936246	43.1725451165654	4454.994158068057	63.90285699631011	
219243_at	1598.767835723632	25.732808383791117	11.735480574296604	21.901886248303104	
219247_s_at	44.346075685138345	93.91639872865959	2914.819605531985	266.15530341513096	
219274_at	7.114047309266151	1349.4889374779943	5.629878473700787	127.2625589442112	
219288_at	8.028233988500874	279.6720397057954	7.564908424610776	2676.9330446374893	
219360_s_at	6.334192427448146	7.9717293510547	8.624597453662727	697.1444512616191	
219424_at	8.446552785648123	7843.9672475237585	3283.9567131423896	146.55456983530271	
219517_at	213.3889915039181	1145.926604803369	8775.841631690333	158.8456980754245	
219518_s_at	96.18591862311081	468.04979635789766	5658.455436082749	127.33791760956186	
219528_s_at	4460.87620274891	326.7118824762552	43.39902178389249	70.43534364727162	
219532_at	1554.4716854094445	6.572398528251112	7.305088833188492	5.900506556962593	
219574_at	8.102601753053023	13.605946656862525	667.5961025005797	31.283193504819646	
219607_s_at	2.47686411964034	3.1607032876777357	8.419896245444596	496.99318052175533	
219654_at	3701.533001330779	32.163718610729404	44.39433610859258	1208.7526624874827	
219714_s_at	13.487651083062643	4.409680363112266	28.748762455459257	2455.092616417576	
219725_at	17.445581866090187	33.2946479148878	13.771596466663622	3990.1691543066827	
219799_s_at	76.1083745135954	86.5796380949007	109.52873114787647	9450.514730447889	
219855_at	1924.257008705516	28.013056114687704	32.58114751150681	161.45061430999678	
219937_at	9.892119913726926	6.519462916743147	8.174587629483286	2076.8822968274567	
219945_at	2093.42948891627	55.63444647891053	79.7329916703377	62.41224095015649	
219985_at	8.063279981643436	2015.0385549322066	22.816962622374994	75.95209354368485	
220057_at	15.753991794783607	320.4793079142075	31.516810650125116	5336.044385871754	
220059_at	17.21741770854792	3004.4437730694253	4868.309517554037	100.5037922797251	
220068_at	100.6532144726441	99.53602574736065	6555.584262816985	84.76184589085216	
220129_at	50.36072728390657	2958.6112405770264	56.80262811045427	153.538315066111	
220132_s_at	40.85489950973119	61.794611678982356	2715.2184194761994	51.93976693876308	
220301_at	4.015178306189686	236.5477473207463	4.476107000911484	10.903025127898793	
220377_at	7.791956174927256	12.524658601631588	1126.9203106039702	8.500930099736097	
220416_at	57.301821063789816	69.37001412797996	39.89731536782101	2692.2977060376534	
220418_at	1105.4855851395757	6.756953206001585	7.561210471970384	4.280680065388743	
220432_s_at	30.407733469865185	2.5830045317008765	673.0396644764252	21.965007111530404	
220448_at	47.01340993903983	7.931963747297293	1313.7367270710085	10.59894475984363	
220474_at	14.397486109542328	640.0143840246114	24.8042833044387	23.497349000240177	
220565_at	28.41483732001836	1811.631721387608	16.294029890083305	39.92471653301703	
221003_s_at	14.608660072369199	13.990576427981203	377.5133883318785	20.282737160468645	
221111_at	201.8114185572353	16.456874104451433	7.396826876180903	3.2400404028285603	
221558_s_at	9411.53690459659	2013.9584078733583	9.8380269088603	473.2147008961567	
221704_s_at	2080.269529168573	5.6803161730858776	6.059385034658899	597.3012937629386	
221766_s_at	152.30373718180726	77.88908747784834	63.61263501689085	14299.552287863837	
221900_at	16.603983813986375	7.2479916672199405	10.508028329845082	2124.82047644446	
221933_at	533.839330755299	47.798811200852406	4.45230273714748	6.019486893543954	
222144_at	6.47092254605199	9.453618005768854	21.00192902461646	938.9972286362893	
222450_at	984.898432808893	4.38984810876989	5.433125188482389	3.7333148854323	
222463_s_at	18.151535192994437	6.908182268746718	9.348834141766464	1400.5989207477644	
222698_s_at	19.57403016577596	8.397911606057525	8.728580718336438	948.5059153505265	
222722_at	1430.9683990583733	72.71574489581951	45.605318929667156	12.759063038164173	
222803_at	32.576308435618486	2094.9167766907844	6.20452972169096	254.45088991339105	
222895_s_at	6689.100440614407	558.0633334765813	34.933355717070775	82.44494878051624	
222902_s_at	273.1013939538814	17.972176908987446	9.654169636461848	7828.912257092498	
223120_at	15.798702430823322	254.50587298383772	8.844826198783196	3117.6047787386265	
223170_at	1050.1799433091926	11.925650751239049	12.693268716126378	11.899607587229593	
223280_x_at	20.237000823571282	49.52797171997271	51.10053546708212	5985.094602137661	
223313_s_at	504.6925366259992	20.386144801952184	11.231149117281808	6.624342687314652	
223551_at	55.465359190577004	76.0076831807488	22.291984110385847	3497.04943977517	
223622_s_at	17.81592999671154	19.836254878511244	18.95935899057223	1853.7773956523224	
223642_at	794.8331022966822	10.341963932610007	4.472438193525201	3982.1370194889946	
223696_at	19.37416451215223	26.47971524542979	16.118205693819416	1190.7642710022158	
223721_s_at	68.572243800174	260.86448185075045	1766.936983481116	56.06940479952899	
223775_at	359.1243369033027	4.3604320364805575	7.2479916672199405	7.836073843670199	
223952_x_at	112.47299921102127	146.09062153373645	134.7846987746184	13662.442304418451	
223975_at	8.596189639829637	1569.0354613071472	33.08721599522163	79.1488884985219	
224009_x_at	142.88530803685413	119.80368363381568	193.433204685435	13633.960807442894	
224048_at	2759.2525339942235	66.34093310147416	60.39228331108533	79.7329916703377	
224356_x_at	16.136389043110142	43.610919190359766	24.047556950172186	6183.285740421118	
224358_s_at	2.7375467824524664	58.29439385308377	98.26712757615941	2206.8509420743903	
224461_s_at	13.480398558535438	1271.2299718204922	15.088741747636632	225.4186790853485	
224499_s_at	14.28483400858687	2056.713834487254	5841.151563038594	160.26968281735643	
224588_at	5.297980494283644	3172.275477316785	8.422810309294887	33.554853101997445	
224589_at	12.195717931912242	863.8903710543404	13.306572509019944	9.946060189105486	
224590_at	10.218476544203309	940.823211855621	3.4609270694916985	4.025435601557995	
224710_at	8.198706130455738	1151.8228036434314	9.226274032408822	13.043085776141657	
224832_at	21.450599578387877	1813.4682911553389	76.33941393241717	28.334419589580012	
224862_at	3873.3491997610968	157.79135331901804	2.3292068544882816	1545.2895541512678	
224973_at	21.141493192534956	12.601120520667848	5.022085917907713	3463.340524850063	
225056_at	1859.4620024199069	9.70041388947524	4.787605282614002	77.20031373660805	
225129_at	40.35011587258201	363.84765002568184	6.000257772927231	2745.392254707101	
225387_at	954.862771844893	21.072827811669207	5.841149964616846	137.6480410519166	
225681_at	2488.0022221529844	21.857064103532373	21.099109035225677	34.661366103536	
225782_at	2.695946294653881	240.3347142809825	3.187862737141721	1050.864243956533	
225792_at	20.586788438027202	652.9165493289094	6.790177954194217	8.69810442062541	
225897_at	225.37619521109565	7961.3380136211035	13.38661242793914	1280.2564869612183	
225911_at	10.454184082322202	2278.4761280670996	28.896683252184705	109.36569037507361	
225962_at	1554.682128099996	12.215351454188827	14.152405194170033	24.021422549191275	
226099_at	92.1149752405264	3012.2672507478283	1.0524967349454775	541.848128083151	
226247_at	1625.1175741598968	80.70037517535201	41.252860958806686	29.880084533530997	
226333_at	22.171137666751264	59.618784430455435	15.224565952158608	6090.0796629218685	
226548_at	885.7195912891514	20.89259256913033	14.253808924902133	6.808719347585848	
226636_at	10.073014387846104	752.9669247856998	7.8209377103720215	329.32519009338694	
226677_at	2093.0484120117767	10.481815430322026	8.274729201882522	3168.66032940723	
226811_at	1132.7346475034014	154.82637800228068	43.88855806806711	9.219105543995633	
226884_at	358.8563396108259	2.603876435713532	10.22172196955633	3.8009178979587843	
227030_at	269.7360201938242	1505.9518090136548	4783.366858701291	17.331506773461545	
227034_at	9.159630019052049	891.873348407086	60.26953617565918	20.21543703607513	
227036_at	10.611540068855101	47.688577392198084	1.63320726558564	1042.7651905153414	
227174_at	35.725449044738674	1221.4744854835956	37.6787967164078	59.4982141946605	
227189_at	22.64078204479495	22.845968753109982	4748.977093143364	108.64374228580714	
227266_s_at	2607.8579026068624	59.281563927280445	29.25629362739407	521.2450158106035	
227347_x_at	2170.279840340077	44.05728919158401	59.661457129331325	69.00724929881179	
227371_at	17.366118341732783	716.0088763482771	36.65339673507079	17.566493821408216	
227372_s_at	7.222419288617342	1565.6479831538256	4.511004054760829	74.315851259829	
227623_at	15.400745777377912	1129.1651122900887	16.580965130896796	25.12786345615974	
227671_at	97.08169325720704	4941.472465753532	98.2130862861774	150.02068992244088	
227742_at	19.947652774584043	9808.030146466488	22.411466460279375	498.1695295873339	
227812_at	10.481815430322026	1038.5645063666357	5.428640573796428	98.8385810159842	
227834_at	15.238929826790864	15.001815437396406	262.24929945783214	29.32566897409514	
227915_at	15.485551029778552	1153.2158264816035	10.836921352292364	26.02410305909028	
227923_at	214.88257427897662	12.280303783597923	4.999795842890622	4.29758856608763	
227947_at	221.89689062544545	1.984229026975849	11.159124111644935	1564.8708561542276	
227949_at	23.548542967059593	63.979797937909666	5.711983025675746	3552.614591186825	
227952_at	55.89735069318149	5046.242248465994	316.600901311919	180.4544527718313	
228056_s_at	2.999275834464388	368.39723287383885	2229.9832693542903	501.1563326454082	
228071_at	1930.4050393639889	235.9920636544403	9.267338882063433	8.220759269937318	
228153_at	417.18281523952055	84.98953833677291	6616.231349559465	139.99594392476646	
228262_at	13.689969865906361	65.81616340062122	614.9628350337304	12.172570572359788	
228293_at	5.039025368905903	7.497454387640105	3.0501851205470354	352.14724670791935	
228486_at	17.28919511579637	14.32874294377291	14.050969175626967	1887.737000027509	
228592_at	10.137805260002809	7636.463157369162	17831.718884410988	393.6493416876987	
228625_at	53.11311324209712	30.363271496189356	46.97945852744481	9944.515521771293	
228636_at	71.77314639211853	250.18010559566295	97.97917583545944	8870.364724401403	
228737_at	8.574360721021895	4129.706887323941	5.012835583289709	493.43409568191504	
228758_at	19.601241354970877	15.157602453285802	675.8794577864796	32.4615553921926	
229147_at	10.740775448785982	67.04566413167699	4076.7650449821163	8.463946022684691	
229159_at	1.7555443530284651	1.5279078438332192	3.3416973939126806	1254.3104705336875	
229309_at	22.630437050759543	209.43879808891515	31.995728091850822	3390.987398572152	
229552_at	7.4671795409672885	6.159271426741981	233.1779487127269	9.513774089574172	
229580_at	5.15564379738138	10.06927592834795	6.325798602087854	789.3797591433429	
229598_at	6.335359877243501	2.6383193553704083	156.25801319900637	2.601710050093887	
229638_at	13534.36882630134	35.52588295428713	7.073352382611839	9808.030146466488	
229973_at	8.387890130469247	5211.5502352688	5.28933516164628	303.8487263307555	
230135_at	1192.2885270683455	17.256632073833263	21.286353727584032	44.77604218561789	
230193_at	12.979028548370849	19.028638897724665	1406.763283486253	16.56409100516267	
230218_at	113.10980975844527	1266.704385785549	12.538688618812191	11.872612910552586	
230233_at	28.448318594512532	18.394264980881633	932.5947391619048	18.615877636826408	
230493_at	1478.2251185149705	34.24151892167788	46.07495119008097	40.23861414085461	
230550_at	41.77189333757059	6.841499754748978	29.580457282680307	1893.8538305089082	
230624_at	79.68025320070686	20.407081368276913	770.9936754921306	13.127521043024831	
230625_s_at	11.403834464702731	1462.136110222826	20.70403613516268	36.78696707942374	
230650_at	7.078589189091517	811.0080486659018	24.034214712261324	57.85958680271664	
230673_at	3.4272094545319844	873.5377661733137	508.3158710255359	5.373225536154796	
230788_at	7.497454387640105	289.0110701300618	2216.5869469028476	13.861122457859402	
230876_at	11.37498449903753	246.44542930078785	7.690229827963062	10.947680787180529	
230900_at	9.816190740751594	39.150554225194	290.9093847286732	7.435548682332328	
230958_s_at	13.718769884644304	11.205523179610685	483.47386203746225	65.50415893035529	
231040_at	840.3892259039143	69.38052628603774	3.440350424625209	38.770455428819645	
231093_at	84.97879106769274	69.83900978108608	4777.228501523671	120.06423491373779	
231120_x_at	2.7094312359728967	2.8116001482192114	3.5192208719159943	878.0788542034297	
231131_at	16.067931749313345	3329.1343354737496	13.05762174482994	142.3470439343694	
231175_at	463.7284852081908	18.162793789170664	1.2611987021294997	23.01432852679828	
231219_at	307.29371526801003	7.261797661718419	4.588883138427592	7.513065306476458	
231307_at	5.028997096319706	431.83896100936255	3.2472439162956737	4.873570400621559	
231442_at	7.306518883144314	20.63670966461984	338.1824462287578	13.003693102355347	
231786_at	52.56654578121415	4.204630208354902	3.9250194236285862	719.5719904221692	
231798_at	396.65362232387076	27.83518284698868	3.0388627418533316	10.699972610942105	
231804_at	4.65873089768113	6.168554109717809	7.3384205951800405	927.754588129642	
231841_s_at	16.276871493902885	5.511794069116988	6.1664238628914365	494.76951832460816	
231935_at	1243.6931837203047	19.16577984105447	30.047006003368914	22.91387622211951	
232080_at	39.63662471985466	2453.830010868124	331.67033591051336	112.46502449603989	
232231_at	194.9453118536503	19.500294887210828	10.220185463774548	3821.0300132867287	
232232_s_at	39.28865492654951	23.410410108123934	20.830534417398837	3128.3795801164065	
232234_at	1364.9893829460175	26.80354308395449	26.476615335827432	82.84690399682361	
232618_at	5.090691720886604	4.854912169631143	418.98417723722866	260.80340179102427	
232739_at	17.054267201202	26.88606134364749	792.8498326916138	20.07605878432231	
232752_at	656.8344386098736	6.089970524127994	4.138051112830615	44.924290186910454	
233500_x_at	12.767451194644826	85.71167473086727	2543.9671028768244	15.150591965941002	
233512_at	7.603523814577224	422.66438583550246	6.390984582487271	11.240308907176713	
233587_s_at	1263.9819054113575	16.901345956330804	19.03066841844318	111.23553407379468	
233814_at	15.826658257028612	1862.92345630619	8.861710121456326	116.82697041202229	
234307_s_at	482.61506324728566	13.151369145276464	8.448863298455622	9.167293143550094	
234994_at	23.212722420072406	2613.2864735032504	21.33339289531601	79.83126740780422	
235059_at	69.46627681628512	6.753190734726404	828.4039816459958	6.3062670349790615	
235275_at	139.14365354279428	173.96082075521477	167.10513684698387	16176.138012816322	
235383_at	4770.790136022088	20.326023688256686	37.476642164976084	18.458984584605336	
235385_at	14.212269503648429	4.188531350624115	331.3244348782901	3.2142225836676	
235400_at	5.277435259753109	720.6474751937468	4739.378146151923	14.457995724911399	
235401_s_at	17.62428241872154	520.7536276725884	5316.46615934569	28.024367761336283	
235522_at	13.18692623756609	27.6386755044467	439.9792692706764	9.461910162884063	
235549_at	59.54113237395034	8.160200111311244	513.6839533384169	10.434835394772442	
235557_at	7.6872351919471615	10.381332572125123	514.2428851750881	10.4899398550037	
235574_at	7.594908380771323	303.40106714936815	7.25138514014294	5.4079118503169905	
235593_at	9.755090501440375	3.8616302532266955	58.274384992620476	1088.3417208902529	
235638_at	37.84723685776015	49.08917605788699	2282.4715357152973	47.48168139796848	
236191_at	72.33155481915324	10.445504580724593	1088.8177627079788	265.7044669020729	
236280_at	5.87309910223062	3906.584456257314	435.87512645374636	10.007659194648964	
236351_at	3165.2806138306482	24.047556950172186	58.44942157795664	43.697893253113136	
236632_at	6521.097180432336	27.80664716358072	28.04838370586274	98.20047132819101	
236681_at	2432.799636697374	37.89635618544652	85.87615525296759	91.657414778784	
237265_at	11.440106516112467	8.394311805711412	12.366797163073247	1630.7974483603612	
237466_s_at	801.2290498448496	8.282682094594314	6.567428535066889	13.722668189613545	
238206_at	18.822795451469723	6.038000603677505	8.765470177481228	1031.7083700121545	
238365_s_at	6.304519074135343	6.755566876690274	86.52400431330003	3989.2951320459233	
238605_at	22.46684820572204	1627.210511049929	16.856141461836287	20.821210567298557	
238674_at	53.49894535899158	16.81353129271697	750.2312807819824	18.621877956151707	
238692_at	389.311758255685	16.31107158623296	8.700408009895687	12.661937386995094	
239012_at	63.06922805177516	48.99684586462488	2165.902828245907	61.55441952116315	
239108_at	32.35010852069599	5.463423700371419	8.796869403445454	1266.3711561711855	
239178_at	379.13292599639817	2.6683240749204393	15.811594038273531	1.1952690147270533	
239292_at	7.13836615344809	7.541434429743016	242.93425085620862	4.420995696786136	
239481_at	163.92587415170215	4030.9560029559943	67.63089220529275	253.97626235036392	
239503_at	5.819575982879453	18.613414856959594	3.435901838227556	747.1109353564169	
239913_at	2.8969709350455632	2.70657386666555	14.707324250639676	1232.9480261820972	
240915_at	25.584297103687085	87.0402265120977	1728.3411846788017	51.42446784115756	
241365_at	799.828794905783	2.29019371906797	2.060433700681546	1891.3039965984922	
242277_at	11.570712389756443	6.516670509306947	5.223908608368793	1001.3074280891776	
242301_at	171.64110470407041	3612.7421940139975	146.77205817297133	184.68449728004896	
242334_at	7.219349894559745	10.928957875625722	1486.886558805265	16.998881647976827	
242520_s_at	3.1179531516280483	1.6131963746448537	5.976606818192796	2305.96570764347	
243110_x_at	641.7102904030509	2.211767409171471	2.3292068544882816	2.309200687473605	
243753_at	49.991615632892945	1732.3873481562118	39.624141154940226	112.72373657962827	
243756_at	7.649300760296049	4.008191681793143	6.171108044791884	695.5282285774587	
244040_at	15.308264886883812	56.051750562370565	1406.2856294724577	18.25200086520563	
244413_at	38.70289141084958	13.953873588909119	2127.0496851410935	25.535947128580144	
244644_at	57.42916688516272	6315.389755528677	47.64250439221753	244.48548194077907	
244887_at	7.316104062214456	27.7328046312247	1249.7498454197612	49.21665911737246	
31874_at	2293.90624582495	6.8814959226399885	4.559660324192275	239.21320429320977	
33767_at	31.40878587540771	9.182028433723724	30.31207797528077	1404.2545360845427	
34210_at	106.33028958314868	15.006274543340814	6685.3216460650565	225.59642285292412	
39248_at	3546.351602196551	29.26821164428169	40.324807924341364	436.9421437541469	
39318_at	95.0609817693733	87.90767562629628	10245.569793264802	109.78491634990189	
40284_at	32.06774622742026	880.6193808733274	11.778733052548318	10.046166604287738	
