NAME	B_CD5	B_Memory	B_Naive	CD4_Central_Memory	CD4_Effector_Memory	CD4_Naive	CD4_Th1	CD4_Th17	CD4_Th2	CD4_Treg	CD8_Central_Memory	CD8_Effector	CD8_Naive	
ABCB4	816.8442705753379	162.86544193804858	1122.8348408900247	5.982069100768671	3.8466705701215647	5.675816009782451	8.082906691407821	3.2066345880952207	1.8475592961692473	1.0	6.325938589860813	1.6198887729756541	9.760272692972615	
AKAP6	86.95915149667735	34.62922274177577	100.32650940023902	51.04697446441677	18.328567264466276	92.44167507421693	25.523497119910147	30.52270699511463	34.99890609199154	22.974046619609215	25.496349096572782	16.654068249834527	36.776562752678544	
APBB2	1033.8472495570793	27.738937563202636	530.7270309388928	18.575380439643027	11.707959219280934	24.349705753001903	20.40956106349613	20.40956106349613	11.36261383489945	20.40956106349613	11.025260019256308	10.844099120749137	12.39112365452683	
BACH2	5230.676842154433	1877.0219257591536	5380.181881540077	1430.0729363216249	785.5961643213726	1322.1866952602709	1615.5063938214482	984.1092120577143	1453.1011075177405	919.7785670241227	1137.7014817898328	700.1330798404078	1947.8346404817555	
BATF	1.3737567334984944	12.996517817664332	6.082868533950257	289.18094331945184	131.53112644416595	113.31264814859281	80.25204690646119	155.0232830917547	159.31665915161594	843.2364328477883	84.67327326308185	61.356214972912845	48.181766900798394	
BCL11B	24.281608916702297	7.585545048891272	18.575380439643027	5627.895131342976	5109.738076186002	5878.371645544381	4548.683432367783	4272.657857417071	3411.747453140086	3320.4790262701645	3668.8340856010645	3609.553577937382	4720.109371640754	
BLK	3609.553577937382	6592.904323098463	3492.768502191654	39.1686016395514	36.776562752678544	32.37377467069995	57.34947188655164	40.9942176484073	30.07359871323897	47.60294537454266	38.88912316073161	157.18308708400266	25.523497119910147	
C19orf38	13.240910887942439	31.233857836556783	26.55098888393655	17.878364817846602	4.89664583150728	14.10925850133759	4.690731169508288	3.249821863220875	6.365531132716673	4.980394886649616	11.666042232270215	5.435905342097259	11.82763343178966	
CCL4	1.2374137939947287	1.0	17.24611984223412	1.0	110.11247565596967	24.009551683011136	29.03051931896634	3.4544418853966405	12.277815134397176	1.0	17.08873400623991	259.7847062543813	17.878364817846602	
CCR12P	1.0345400439328742	1.0222485608121554	1.0288489226550819	9.760272692972615	1.0222485608121554	116.43115059237114	1.0288489226550819	1.0288489226550819	8.18709286538479	3.588311249806226	1.8900414100119063	1.0671479219603652	57.34947188655164	
CCR2	1.0166558226495255	1.24697119490183	1.0110630844868955	32.37377467069995	110.11247565596967	1.0222485608121554	67.7307858874255	186.03161920042302	103.09724355245703	12.84228445500842	20.716337030968766	72.88876578572832	1.014896999248674	
CCR3	1.806965365592538	2.429187745379378	1.0147562772563559	4.042764518420478	8.828088556149176	4.417696174141472	4.485493061309451	3.9118415965217443	31.63866335503357	12.277815134397176	5.747738620226205	6.365531132716673	1.014896999248674	
CCR9	16.30626408699011	18.575380439643027	13.571811771567814	85.43802753492568	48.86774486853905	15.734186544001108	95.01326276918032	164.52581762679293	17.066755040032998	64.00576712361362	23.36976417431775	26.55098888393655	5.675816009782451	
CD19	1661.1464171243897	1501.275170715835	1670.0964197945827	13.145806173571795	9.01750407680306	8.689419915548475	11.36261383489945	14.662247605364527	9.50106667434122	25.249925902257893	22.31165034081847	20.40956106349613	7.812719993768383	
CD1C	8.865123692545936	35.42208770685793	5.122828282450976	1.0	1.0	1.0	1.0	1.0	1.0	1.0	1.0	1.0	1.0	
CD2	2.70174596708098	1.0288489226550819	1.0402311872261265	2025.3321101427314	1811.7295607814049	1670.0964197945827	1670.0964197945827	1947.8346404817555	1811.7295607814049	2073.6620780591406	1400.1262136638948	2246.4397131941973	1169.902170106318	
CD28	11.657904500380152	10.398752282342716	10.398752282342716	3161.887758925623	2073.6620780591406	2888.007386154908	3233.4065148325553	3411.747453140086	2292.6476216851665	3233.4065148325553	2131.4018286339733	1566.031932907354	1478.0657320675184	
CD38	436.0167758138841	65.07431110693733	201.34956955167843	89.05951294494517	28.6473739578405	62.148189425813044	55.04935103868992	34.23140923867186	27.957632814300833	100.32650940023902	33.527725255692836	24.349705753001903	48.181766900798394	
CD3D	1.0924976410189995	2.102352970726292	2.429187745379378	1566.031932907354	1409.7967462197153	1252.9677576487215	892.5418219746366	943.3353938258078	970.5786026131223	998.978562898146	1205.9747817915395	1122.8348408900247	1153.7718373646037	
CD3E	12.50781829531213	3.2913543561582457	7.149157805390268	1781.963317112483	2818.0695920219923	5878.371645544381	2499.1369731450636	4408.024458218671	4720.109371640754	2246.4397131941973	2216.9010912389303	2436.8989089765555	1877.0219257591536	
CD68	61.06732505313881	143.56108344638812	85.43802753492568	33.49715918198939	48.181766900798394	24.009551683011136	32.37377467069995	38.20862213467658	129.99169077959294	30.07359871323897	57.31949977226258	51.82407562802597	24.64115251619165	
CD70	10.698811910932744	418.4543673990519	35.82194311103571	13.145806173571795	16.83963686548088	1.0575887159494683	11.36261383489945	9.852313623894632	10.084375753867924	48.86774486853905	20.617801490542345	33.800289802974355	5.385077869175008	
CD72	719.4147720787628	195.84467818656043	454.30587813078614	58.82214931511869	40.9942176484073	26.55098888393655	26.84984275201763	40.15640948395023	32.74441536315429	52.44073688200028	50.01583783827065	61.356214972912845	35.42208770685793	
CD8A	12.330293599485202	7.149157805390268	16.83963686548088	11.82763343178966	4002.95709336631	12.277815134397176	2.550388661411468	3.249821863220875	12.123387098017961	16.654068249834527	5581.858147478664	7015.799971336377	4925.670570686938	
CD8B	1.4300074512687067	1.6198887729756541	1.0284015191874754	5.189935610604522	190.76908056162378	10.967293424193109	1.028848900880487	3.2066345880952207	5.284093942701201	11.214076149539265	1037.5639301270794	818.6002084446932	2499.1369731450636	
CH25H	1.0201155826053334	1.0	1.0	8.274669364364026	4.163963765810247	1.0	1.0	1.311748816677508	1.0	9.760272692972615	2.845365584754144	1.4883716588070404	1.0	
CHI3L2	30.505035337875643	19.25512908305223	39.1686016395514	34.62922274177577	29.403170003809368	147.4170619419418	23.761494834107566	25.249925902257893	29.403170003809368	21.5297857772969	31.33589293152667	20.818925063311724	106.2700329228855	
CHIT1	43.113725401935355	28.358629670132736	65.88992380473792	12.123387098017961	9.653619834384648	15.593514270459755	7.149157805390268	10.252328648788035	6.505231354154725	11.82763343178966	10.78982969963075	8.689419915548475	13.145806173571795	
CR2	214.3672148459554	170.50845575352307	293.12925102016806	26.061232862978375	32.00472706528262	89.05951294494517	47.60294537454266	46.24012048786321	39.58885490528513	5.536724061438539	35.04587246361537	12.277815134397176	64.00576712361362	
CTLA4	2.0883429185951687	1.144219531317796	1.0	1108.8059262121033	637.9609537058072	249.0714253943426	375.23170295969226	637.9609537058072	159.31665915161594	3161.887758925623	225.07370905883045	131.53112644416595	106.2700329228855	
CTSW	56.15684169876642	67.7307858874255	54.08148162019518	95.01326276918032	323.9571584424831	136.7652457054612	186.03161920042302	56.570790329587496	58.82214931511869	91.46416489054019	367.9084711488227	1237.5942353565404	720.0414944268281	
CXCR6	18.04717648255918	8.382336581259034	12.277815134397176	53.23692521548447	141.632263691243	20.818925063311724	82.49538793114687	108.76147316205214	64.00576712361362	188.28843146850872	40.91020959169891	242.4313727707931	20.40956106349613	
CYBB	1345.5736139466203	1303.5950580894562	1359.4724530810934	2.0614137528052106	1.0222485608121554	27.13150240048323	4.485493061309451	6.212406574088855	83.88763042578496	1.0222485608121554	4.158215960020129	1.0222485608121554	1.0336545795216368	
DPP4	2.4347441578165157	1.3695874151160126	1.5050052682557937	263.3210099103477	336.6723298342918	671.2202220538444	472.21777399450207	720.0414944268281	775.0781106900231	83.88763042578496	204.16479426038342	238.43169351633418	168.7230178039597	
EBI3	7.752203955623564	48.181766900798394	12.39112365452683	3.1710984848201518	1.6010671921057555	2.8349020095520876	2.5724281134883213	4.1332660267113095	3.2913543561582457	4.042764518420478	4.239028849373704	2.429187745379378	7.149157805390268	
EFHC2	8.493888854888269	1.410265173887405	19.018778304658305	11.36261383489945	17.066755040032998	31.63866335503357	16.25935899201688	13.280035072563617	21.03949239921101	2.705414073780601	16.851407188600838	16.83963686548088	58.09811684642304	
EMR1	16.505585301660297	24.64115251619165	10.967293424193109	114.68376057439802	40.9942176484073	305.6180784432958	63.15299639813729	46.94782661822049	111.87683493140018	23.761494834107566	124.09927598432688	30.52270699511463	72.88876578572832	
EVI5	265.18915447590996	220.50709126538743	289.18094331945184	33.800289802974355	26.351545676953915	40.57885182237718	28.358629670132736	21.03949239921101	20.40956106349613	45.7072186872054	35.00423661686613	22.31022251684366	27.13150240048323	
FAM30A	161.00150716239781	162.86544193804858	259.7847062543813	1.0110630844868955	1.0	1.0110630844868955	1.005111879408736	1.0110630844868955	1.0110630844868955	1.0	1.0000154613598267	1.0	1.0110630844868955	
FCGR3B	1.1507234466613414	1.0	1.0	1.0	1.9022872549194612	1.0	2.166742877723695	1.0	7.974904836708318	1.0	1.0	3.736407537527284	1.9538527282753355	
FCRL2	841.7317375517337	818.6002084446932	1338.996723499234	7.276750643831785	8.908878955418391	16.25935899201688	9.852313623894632	16.25935899201688	11.214076149539265	27.13150240048323	17.17248774524147	7.698559600341741	12.996517817664332	
FOXJ1	34.26548460798601	1.7819610659296183	22.974046619609215	2.429187745379378	12.514937689736339	37.26405787057797	46.24012048786321	42.387176549188744	11.514781025398607	164.52581762679293	20.94164900231774	14.50934891040531	40.9942176484073	
FOXP3	31.039162889260794	35.82194311103571	17.690907240648407	320.6657071462969	188.28843146850872	70.76478151533794	135.0441696394596	155.0232830917547	122.99329693934077	3411.747453140086	88.05958539396745	27.738937563202636	30.07359871323897	
FYB	19.313708744759076	11.966144284644693	10.844099120749137	5627.895131342976	3728.1145932647473	7502.145156786764	4272.657857417071	5380.181881540077	4548.683432367783	3320.4790262701645	3273.09209264337	2746.894188870128	3857.6286781386666	
GIMAP5	5.292128864668648	1.014896999248674	7.276750643831785	2389.8674061531783	830.1002637576182	6188.695826891795	1204.7143943684139	1252.9677576487215	1052.8790226725407	522.5796609988015	913.6728224527512	959.0024121828867	1237.5942353565404	
GM2A	358.59570931741194	418.4543673990519	160.88512169982627	81.40049692753671	59.87590512691679	136.7652457054612	82.49538793114687	119.2786665441567	126.37869943682962	106.2700329228855	65.65117754601543	66.72645758903704	87.94647465051897	
GNG7	1255.881872188211	1843.678848634966	1615.5063938214482	36.28540269900741	32.74441536315429	103.09724355245703	33.080361510564714	48.86774486853905	44.532693589553375	35.42208770685793	55.65721579740027	36.28540269900741	61.356214972912845	
GNLY	12.736121320803187	19.696214681025136	24.958879583500103	85.43802753492568	2684.1121861549377	20.613748998625805	320.6657071462969	100.32650940023902	327.9392894560411	26.061232862978375	175.1523016166069	2980.9752377767404	418.4543673990519	
GPC4	53.29635085520545	1.014896999248674	51.82407562802597	1.0222485608121554	1.0110630844868955	1.0497828980748163	1.0222485608121554	1.0222485608121554	1.0196410596323933	1.1656434241531601	1.017114053991494	1.0119795471708326	1.0288489226550819	
GZMA	1.0	1.0	1.0	10.967293424193109	229.63722954022063	22.733047173921413	104.78610802602374	30.07359871323897	15.734186544001108	13.145806173571795	43.251836401681864	332.39607907971345	22.31022251684366	
GZMB	1.0	2.323129398723324	1.0	1.0	223.5680472964767	2.705414073780601	30.52270699511463	1.0	22.52254119355055	1.0	20.21471420961928	256.015325929149	27.738937563202636	
GZMH	2.6441998504788384	2.510859876926173	2.323129398723324	2.457239320410194	425.42549497858823	3.2913543561582457	36.28540269900741	2.8892948826360265	26.55098888393655	1.8594066857011198	35.57746246450195	637.9609537058072	50.312657185208096	
GZMM	8.522601367397545	14.336352267538478	9.266939990824898	178.05757835609018	270.52106596261524	201.34956955167843	131.53112644416595	117.7247633468407	77.19343812645332	126.37869943682962	224.07626705596138	530.7270309388928	356.5031271126897	
HLA-DOB	872.8283566515727	742.7155584513778	785.5961643213726	106.2700329228855	58.82214931511869	124.75991175545927	113.31264814859281	119.2786665441567	91.46416489054019	129.99169077959294	99.6261210308603	60.52926713389548	73.95288320547922	
HLA-DQA1	4410.670644892427	3492.768502191654	4548.683432367783	609.9851671809153	620.7341435296626	661.6448933256904	720.0414944268281	620.7341435296626	550.4376802378845	1222.6490216833677	877.9042010735164	852.478838570791	691.2985414951736	
ICOS	1.0678115136219235	1.0382243133346107	1.0475953887047968	1913.7844127410613	892.5418219746366	1322.1866952602709	919.7785670241227	764.0053863316652	661.6448933256904	2499.1369731450636	1281.7842917921594	465.29587633503013	315.6755858432743	
IFNG	2.2909491235314734	1.4910461278202536	2.5916821703729207	50.312657185208096	108.76147316205214	5.284093942701201	175.37574375070557	11.214076149539265	8.583141581597172	7.812719993768383	17.45676303611125	91.46416489054019	10.252328648788035	
IGHA1	493.786716814071	5627.895131342976	565.3830735909418	1.0438434964897678	1.0288903514734864	4.1332660267113095	1.0438434964897678	1.0475953887047968	11.082742396683322	3.736407537527284	1.2049106935324427	1.0402311652106666	1.0475953887047968	
IGHG1	548.2860440033537	6592.904323098463	1108.8059262121033	4.89664583150728	1.5232040643150244	10.844099120749137	4.596654055249709	1.0847317891073274	4.336344012201595	17.24611984223412	2.6728809432391305	2.8892948826360265	3.519259004018883	
IGHJ2P	8.11388348587603	5.905699111332145	9.760272692972615	1.0	1.0	1.0	1.0	1.0	1.0	1.0	1.0	1.0	1.0	
IGHM	4914.923723913378	2292.6476216851665	6188.695826891795	1.9022872549194612	1.0	6.505231354154725	8.484846024201099	1.0110630844868955	1.819783737326747	1.0	5.5509427047022175	1.0000309227196533	1.0110630844868955	
IGKC	4418.9263347253745	3609.553577937382	3728.1145932647473	1.0222485608121554	1.0110630844868955	10.252328648788035	1.0110901841260795	1.0222485608121554	19.25512908305223	2.5724281134883213	7.2838572790756775	1.0110630844868955	1.0288489226550819	
IGLJ2	9.017471028668322	7.974904836708318	5.675816009782451	1.0586670375255083	1.0402311652106666	1.0640640640158312	1.0497828980748163	1.0640640640158312	1.0566962653583694	1.0402311652106666	1.0402325713317035	1.0390287632146882	1.0640640779939146	
IL12RB2	12.599504738697725	25.249925902257893	27.13150240048323	71.93337651030666	64.00576712361362	21.294323566537177	89.05951294494517	79.12048694502451	7.698559600341741	223.5680472964767	27.87735784038164	33.080361510564714	26.55098888393655	
IL17A	1.0299360661239167	1.0146227261620564	1.0222485608121554	1.0288489226550819	1.3431909484957631	1.0288489226550819	1.0222485608121554	7.906544154889478	1.0250206164966402	1.0119795471708326	1.0185727800304147	1.0196410596323933	1.0288489226550819	
IL5RA	8.444946079660857	12.123387098017961	5.189935610604522	5.284093942701201	19.018778304658305	8.382336581259034	21.98047389803246	8.382336581259034	51.82407562802597	3.872076410973626	13.358808972569804	7.698559600341741	9.965650280015808	
KCNG1	27.40373778315923	14.946680828607413	53.23692521548447	7.043595617801133	7.4993739707837355	10.398752282342716	13.571811771567814	13.778704667992262	7.043595617801133	8.908878955418391	8.040448090800387	11.214076149539265	12.123387098017961	
KLRB1	3.497083194236808	5.385077869175008	3.4067178263950253	1271.9144235522378	1289.1147226930543	52.44073688200028	943.3353938258078	4147.916323620951	380.6204931684845	305.6180784432958	125.10865721010873	1237.5942353565404	55.906949043848286	
KLRK1	125.8704745509721	36.776562752678544	55.04935103868992	37.711165619388595	742.7155584513778	39.58885490528513	28.6473739578405	12.996517817664332	39.58885490528513	19.25512908305223	4737.1770015273605	3233.4065148325553	2194.002087934787	
LAIR2	1.346952683842031	1.22491059200365	1.6010671921057555	12.996517817664332	12.66443881076067	6.149689042316565	3.9118415965217443	3.026231743555568	2.61979110431119	68.88153609102231	1.774019995363487	5.122828282450976	4.042764518420478	
LAMP3	37.443747222851854	13.778704667992262	38.20862213467658	29.03051931896634	20.40956106349613	79.12048694502451	65.88992380473792	57.34947188655164	104.78610802602374	82.49538793114687	22.01929943214858	16.83963686548088	36.28540269900741	
LILRB1	172.04938077733263	370.8168825021079	201.34956955167843	12.123387098017961	85.43802753492568	23.307917564992447	20.12692037322529	11.707959219280934	35.82194311103571	10.398752282342716	28.701280802445197	110.11247565596967	26.84984275201763	
LILRB2	26.04432165810227	23.55091223732305	38.20862213467658	4.417696174141472	7.043595617801133	12.66443881076067	6.082868533950257	2.3586284387068583	25.249925902257893	2.705414073780601	6.2301989490088845	8.689419915548475	4.417696174141472	
LRP5L	514.7402801019621	346.5664891748206	592.2422924765382	67.7307858874255	62.148189425813044	190.76908056162378	89.05951294494517	78.0876101638218	91.46416489054019	79.12048694502451	123.20918585863336	157.18308708400266	113.31264814859281	
LTK	29.42199199416868	147.4170619419418	17.066755040032998	24.64115251619165	220.50709126538743	5.795855549584481	87.94647465051897	259.7847062543813	40.57885182237718	20.818925063311724	57.555199498586106	346.5664891748206	5.284093942701201	
MICAL3	3055.9827430893174	3083.599649252037	2980.9752377767404	281.4230671421915	289.18094331945184	195.84467818656043	315.6755858432743	297.96229481524205	418.4543673990519	361.14402992661735	520.9879130449033	352.7258111678212	180.54280210436045	
MS4A1	11343.575890223197	15300.024279977079	12982.728306391282	9.266939990824898	58.82214931511869	10.69856700845163	14.775737631312154	4.485493061309451	51.04697446441677	1.2018147722571884	32.51707381976557	65.07431110693733	3.2913543561582457	
MYO15B	3047.929819647512	1811.7295607814049	3728.1145932647473	385.3779709366336	584.0294327055317	3161.887758925623	454.30587813078614	281.4230671421915	256.015325929149	930.8094112055446	685.072598206882	592.2422924765382	2557.639175595098	
NKG7	2.94615547836107	7.906544154889478	10.967293424193109	13.145806173571795	661.6448933256904	19.92966175434621	90.33810918213632	12.39112365452683	44.532693589553375	6.856021630137145	128.23725405765433	2335.1514578447477	172.85350663371025	
NLRP9	8.89951581621877	56.570790329587496	24.349705753001903	12.514937689736339	8.18709286538479	14.336352267538478	10.537406212597281	13.280035072563617	2.8892948826360265	17.24611984223412	11.603064747350642	5.739950579055288	10.398752282342716	
NUMBL	447.8957968948879	465.29587633503013	361.14402992661735	42.98164789415434	53.23692521548447	75.05014463924003	45.7072186872054	65.07431110693733	107.50236140304229	41.93355883011826	60.086516562396184	83.88763042578496	60.52926713389548	
PACSIN1	4.24536426539821	13.571811771567814	9.760272692972615	12.514937689736339	45.7072186872054	17.44345538518479	43.43214730651053	8.908878955418391	6.65924057306013	11.707959219280934	30.19076488905253	62.148189425813044	5.905699111332145	
PDCD1	4.698208319864741	8.689419915548475	3.9725900109612624	103.09724355245703	245.94983993193912	5.232452873919235	201.34956955167843	92.44167507421693	52.44073688200028	69.8325357477913	68.02266393467086	315.6755858432743	9.50106667434122	
PMCH	1.778001342637936	1.1653542224056057	1.3431909484957631	1.9022872549194612	1.6010671921057555	1.3633596189401829	1.3431909484957631	1.5050052682557937	1.3695874151160126	13.280035072563617	1.2335451587379216	1.1232309871354373	1.4883716588070404	
PNOC	98.88749461997021	97.79009380903531	121.13400235752016	1.0497828980748163	1.0402311652106666	1.057045128162729	1.055450368355794	1.0566962653583694	2.510859876926173	1.4910461278202536	1.0478407667832303	1.7335333306791871	2.376282576809651	
PRF1	2.6093787596701383	6.77720676477071	9.965650280015808	126.37869943682962	1052.8790226725407	75.98273082858536	259.7847062543813	101.76091418217966	90.33810918213632	175.37574375070557	302.6329527071216	1501.275170715835	352.7258111678212	
PRKCQ	8.329380475733206	6.149689042316565	4.417696174141472	731.4228068453467	709.1532909077679	709.1532909077679	720.0414944268281	866.9348584664867	998.978562898146	1038.2654409799654	769.760774207762	709.1532909077679	671.2202220538444	
PRKY	150.9283944878937	203.46439414458192	293.12925102016806	32.37377467069995	1079.7671860157545	1811.7295607814049	1139.2598018946699	1521.2450577869224	1670.0964197945827	203.46439414458192	682.3926943936261	1501.275170715835	1359.4724530810934	
RORC	11.909980121996757	4.80503876833074	4.690731169508288	97.79009380903531	150.8538019794418	8.908878955418391	122.99329693934077	435.8098741100628	16.25935899201688	38.60964468191182	32.859795261743976	129.99169077959294	3.7964486919661944	
RP11-777B9.1	1.2574314258161672	1.1656434241531601	1.2018147722571884	2.9436101759230353	1.1232334830323623	5.385077869175008	1.2018147722571884	1.3596927602820854	1.1845772999458624	1.3596927602820854	1.7748927058061255	1.1232309871354373	2.776323867529243	
RP11-950K24.2	14.230097995886691	8.908878955418391	5.232452873919235	1.6443412349370534	1.0	1.0	2.2695435693610806	1.0	1.0	1.0	1.4098918686633735	1.0640640678599742	1.0	
RRP12	951.9438895409185	1169.902170106318	970.5786026131223	229.63722954022063	157.18308708400266	277.66621388768874	220.50709126538743	270.52106596261524	232.1271456707002	530.7270309388928	220.24311901783767	168.7230178039597	252.71209506413112	
SH2D1A	3.3778284691171296	1.6010671921057555	2.4839330115293476	1079.7671860157545	1022.4352059309439	536.9419442404552	1122.8348408900247	653.233379836153	484.13437983666233	1189.0419913724813	978.9434158453003	1222.6490216833677	731.4228068453467	
SIGLEC5	17.149629423395403	141.632263691243	96.45778074043537	3.4544418853966405	1.0	1.0	2.166742877723695	5.905699111332145	6.212406574088855	6.505231354154725	5.748877024495293	4.596654055249709	4.042764518420478	
SIRPG	2.4446673368361354	1.1656434241531601	1.3596927602820854	145.3171719872791	57.34947188655164	201.34956955167843	72.88876578572832	116.43115059237114	89.05951294494517	172.85350663371025	75.01049333706422	55.906949043848286	132.98712996810661	
SPIB	1335.282288806457	1501.275170715835	691.2985414951736	33.080361510564714	22.974046619609215	37.711165619388595	39.58885490528513	31.63866335503357	37.711165619388595	43.43214730651053	43.411490860008755	27.738937563202636	32.74441536315429	
SPN	125.56696197177291	98.92573266148159	106.2700329228855	1022.4352059309439	1204.7143943684139	1409.7967462197153	764.0053863316652	1430.0729363216249	2499.1369731450636	742.7155584513778	964.4249740273134	1430.0729363216249	843.2364328477883	
TCL1A	664.9437172187152	11.514781025398607	584.0294327055317	7.585545048891272	5.232452873919235	9.137566737511644	4.218726596620623	4.304386796923654	6.365531132716673	4.690731169508288	7.521866836167493	3.659706366709531	6.082868533950257	
TNRC18P1	53.943835938859934	135.0441696394596	57.34947188655164	1.0	3.0640879297570502	1.0	1.0	3.872076410973626	1.7335333306791871	3.736407537527284	1.1352909465287628	6.300048157909882	1.0	
TOX	2.1973168392504645	152.82513183294546	9.01750407680306	108.76147316205214	203.46439414458192	47.60294537454266	117.7247633468407	150.8538019794418	97.79009380903531	550.4376802378845	37.69834010870934	205.57186373242448	51.82407562802597	
TRAT1	4.953085997808703	1.5232040643150244	1.7819610659296183	1501.275170715835	1169.902170106318	998.978562898146	1189.0419913724813	984.1092120577143	1271.9144235522378	385.3779709366336	1145.6165993143436	700.1330798404078	336.6723298342918	
TSHR	2.5093288904946993	2.5724281134883213	1.8777955651043516	12.66443881076067	8.274669364364026	2.376282576809651	9.965650280015808	9.653619834384648	6.435196941881411	79.12048694502451	5.6434229545320145	6.599870176440557	3.1710984848201518	
TXK	29.447052388406576	42.387176549188744	32.74441536315429	592.2422924765382	81.40049692753671	1381.4498549198595	336.6723298342918	402.8526991266588	128.14062700420507	425.42549497858823	193.21674461726263	58.82214931511869	1409.7967462197153	
USP9Y	1909.9701712374017	1670.0964197945827	2194.002087934787	13.933798693125675	1641.6451903099264	2557.639175595098	2246.4397131941973	3233.4065148325553	2389.8674061531783	323.9571584424831	1320.2860379585732	2436.8989089765555	2621.092057638947	
XCL1	1.0847364425319561	1.3988630425653832	1.0991081453152918	1.0991081453152918	8.484846024201099	1.9538527282753355	1.1551336742463676	2.323129398723324	1.0823319771341917	1.0640640640158312	2.976680111121837	13.571811771567814	2.600956600563894	
XCL2	1.0847336874538938	1.064064074615935	1.09733666592089	1.0847336874538938	5.905699111332145	1.9022872549194612	1.144219531317796	1.1063302064268687	1.0780192272853535	1.0617070636673565	4.554412387114573	29.03051931896634	2.5916821703729207	
ZBTB32	55.63144309855949	1303.5950580894562	85.43802753492568	128.14062700420507	64.00576712361362	9.852313623894632	20.40956106349613	16.654068249834527	16.09023233397175	180.54280210436045	68.70016602565516	65.07431110693733	13.280035072563617	
